model_id,num_model_parameters,vocabulary_size,max_sequence_length,merge,speed,rank,is_rank,fo_rank,mim_gold_ner,scala_is,nqii,fone,scala_fo
vesteinn/FoBERT,124,50,512,not-merged-model,15623,1.46,1.93,1.0,85.04,50.78,17.76,91.31,64.39
microsoft/mdeberta-v3-base,278,251,512,not-merged-model,9237,1.62,1.39,1.86,81.12,54.11,30.93,88.6,46.81
"gpt-4-1106-preview (few-shot, val)",-1,100,128000,not-merged-model,576,1.77,1.09,2.44,86.37,52.13,37.26,86.51,35.09
vesteinn/ScandiBERT-no-faroese,124,50,512,not-merged-model,15436,1.97,1.52,2.42,83.94,58.64,25.35,88.14,27.71
NbAiLab/nb-roberta-base-scandi-1e4,277,250,512,not-merged-model,15074,2.13,2.44,1.83,81.83,51.09,6.66,90.52,44.99
google/rembert,575,250,256,not-merged-model,3355,2.26,1.52,3.0,78.05,48.29,29.38,87.35,14.65
sentence-transformers/use-cmlm-multilingual,470,501,512,not-merged-model,13305,2.36,2.32,2.4,80.91,41.91,13.73,88.81,30.92
jonfd/electra-small-nordic,22,96,128,not-merged-model,5989,2.38,2.31,2.46,77.4,60.64,6.51,85.8,30.88
mideind/IceBERT-xlmr-ic3,277,250,512,not-merged-model,11004,2.51,2.02,3.0,84.35,59.12,11.18,87.79,22.51
pere/roberta-base-exp-32,277,250,512,not-merged-model,15081,2.56,2.75,2.37,83.57,23.07,7.81,90.6,22.86
setu4993/LaBSE,470,501,512,not-merged-model,13386,2.69,2.4,2.98,80.45,36.92,11.75,89.16,22.76
mideind/IceBERT-large,406,50,512,not-merged-model,5677,2.73,1.93,3.52,85.14,59.31,12.84,86.84,9.82
mideind/IceBERT,124,50,512,not-merged-model,16697,2.73,1.93,3.52,85.32,60.44,13.31,86.5,10.13
vesteinn/XLMR-ENIS,125,50,512,not-merged-model,10711,2.74,1.55,3.93,82.2,48.51,27.06,87.09,3.09
vesteinn/IceBERT,163,50,512,not-merged-model,12360,2.9,2.02,3.78,85.34,55.88,13.31,87.13,3.66
mideind/IceBERT-ic3,124,50,512,not-merged-model,12119,2.99,2.2,3.77,85.03,45.06,10.82,87.22,6.23
mideind/IceBERT-igc,124,50,512,not-merged-model,12551,3.04,2.24,3.84,79.85,54.38,9.91,83.82,4.93
"gpt-3.5-turbo-0613 (few-shot, val)",-1,100,4095,not-merged-model,921,3.08,2.39,3.76,69.59,7.28,28.5,72.48,8.29
Geotrend/bert-base-25lang-cased,151,85,512,not-merged-model,13908,3.13,3.24,3.03,74.65,2.89,9.29,86.09,15.24
FacebookAI/xlm-roberta-large,559,250,512,not-merged-model,6663,3.19,2.46,3.91,82.83,22.78,15.72,87.85,1.17
mideind/IceBERT-mC4-is,163,50,512,not-merged-model,12308,3.38,3.27,3.5,79.19,20.95,0.0,88.44,11.83
intfloat/multilingual-e5-large,559,250,512,not-merged-model,6732,3.4,2.88,3.91,78.43,10.78,13.79,88.39,2.85
KennethEnevoldsen/dfm-sentence-encoder-large-1,354,50,512,not-merged-model,6245,3.42,3.59,3.25,48.31,3.18,7.94,72.99,13.4
cardiffnlp/twitter-xlm-roberta-base,277,250,512,not-merged-model,14837,3.44,2.88,3.99,72.69,28.72,8.46,83.96,1.05
Geotrend/bert-base-da-cased,103,23,512,not-merged-model,15432,3.45,3.12,3.78,73.81,6.23,10.57,86.62,3.64
AI-Sweden-Models/roberta-large-1350k,354,50,512,not-merged-model,5744,3.46,3.02,3.91,73.92,11.77,11.84,88.21,3.16
Nexusflow/Starling-LM-7B-beta (few-shot),7242,32,8192,not-merged-model,5876,3.5,2.87,4.14,49.2,4.45,24.61,66.98,5.8
KBLab/megatron-bert-large-swedish-cased-165k,369,64,512,not-merged-model,7138,3.51,3.42,3.6,63.35,4.94,7.02,82.76,7.58
mhenrichsen/hestenettetLM (few-shot),7242,32,32768,not-merged-model,5160,3.52,2.83,4.22,50.82,0.99,25.74,62.82,4.96
AI-Sweden-Models/roberta-large-1160k,354,50,512,not-merged-model,5741,3.54,3.17,3.91,74.3,2.06,11.47,88.24,1.73
flax-community/nordic-roberta-wiki,124,50,512,not-merged-model,16227,3.55,3.51,3.6,63.31,2.47,5.99,82.64,8.03
KennethEnevoldsen/dfm-sentence-encoder-medium-2,124,50,512,not-merged-model,14965,3.56,3.3,3.82,64.57,0.86,10.76,84.72,3.79
google-bert/bert-base-multilingual-uncased,167,106,512,not-merged-model,13993,3.56,3.1,4.02,60.88,13.5,9.65,73.06,5.48
microsoft/xlm-align-base,277,250,512,not-merged-model,14744,3.57,3.08,4.06,78.01,5.92,10.47,85.97,0.02
"mlabonne/NeuralBeagle14-7B (few-shot, val)",7242,32,8192,merged-model,2549,3.58,2.95,4.22,49.86,1.26,22.48,62.78,3.69
vesteinn/DanskBERT,124,50,512,not-merged-model,15749,3.58,3.33,3.82,65.29,-0.03,10.49,85.04,4.48
NbAiLab/nb-roberta-base-scandinavian,125,50,512,not-merged-model,14051,3.6,3.4,3.8,69.04,3.34,7.17,86.1,6.28
flax-community/swe-roberta-wiki-oscar,124,50,512,not-merged-model,15437,3.6,3.57,3.64,62.23,1.45,5.52,80.52,6.51
mistralai/Mistral-7B-v0.1 (few-shot),7242,32,32768,not-merged-model,2657,3.6,2.83,4.36,47.24,1.35,25.7,62.63,2.84
KennethEnevoldsen/dfm-sentence-encoder-medium,124,50,512,not-merged-model,14998,3.61,3.25,3.97,64.88,-0.6,12.39,84.92,2.96
"mlabonne/AlphaMonarch-7B (few-shot, val)",7242,32,8192,merged-model,5340,3.61,3.09,4.14,50.85,1.8,20.23,64.39,4.74
microsoft/infoxlm-base,277,250,512,not-merged-model,14918,3.64,3.23,4.06,77.09,1.71,8.56,85.58,0.35
Twitter/twhin-bert-large,560,250,512,not-merged-model,5299,3.65,3.33,3.97,71.48,2.2,8.19,84.73,1.37
alpindale/Mistral-7B-v0.2-hf (few-shot),7242,32,32768,not-merged-model,3467,3.65,2.93,4.36,44.85,-0.69,25.52,61.26,1.66
DeepPavlov/rubert-base-cased,177,120,512,not-merged-model,15785,3.67,3.51,3.84,61.95,2.4,6.04,83.15,3.21
KBLab/megatron-bert-large-swedish-cased-110k,369,64,512,not-merged-model,7075,3.67,3.47,3.86,63.11,3.47,7.76,82.36,5.2
sentence-transformers/stsb-xlm-r-multilingual,277,250,512,not-merged-model,15040,3.7,3.4,3.99,66.23,0.04,10.04,82.97,2.93
patrickvonplaten/norwegian-roberta-base,124,50,512,not-merged-model,15698,3.71,3.57,3.86,60.79,1.29,6.64,82.57,5.74
KB/bert-base-swedish-cased,124,50,512,not-merged-model,16181,3.72,3.6,3.84,60.09,1.76,5.57,82.76,3.98
"timpal0l/tyr (few-shot, val)",7242,32,32768,merged-model,6079,3.73,2.98,4.48,50.64,-0.06,23.36,60.21,0.0
AI-Sweden-Models/gpt-sw3-20b (few-shot),20918,64,2048,not-merged-model,4880,3.75,3.02,4.47,27.54,4.61,28.12,46.5,3.95
mistralai/Mistral-7B-Instruct-v0.2 (few-shot),7242,32,32768,not-merged-model,2538,3.75,3.13,4.36,43.11,3.4,19.18,61.28,1.68
sentence-transformers/quora-distilbert-multilingual,135,120,512,not-merged-model,26458,3.77,3.54,3.99,63.36,1.02,6.48,82.91,1.67
DDSC/roberta-base-danish,125,50,512,not-merged-model,15004,3.83,3.6,4.05,59.63,1.76,5.55,80.21,1.1
sentence-transformers/paraphrase-multilingual-MiniLM-L12-v2,118,250,512,not-merged-model,17428,3.83,3.66,4.01,62.44,1.91,3.69,82.24,2.84
FacebookAI/roberta-base,124,50,512,not-merged-model,13354,3.84,3.57,4.12,60.18,1.07,6.66,81.78,-1.18
dbmdz/bert-medium-historic-multilingual-cased,42,32,512,not-merged-model,24291,3.85,3.65,4.05,58.9,0.27,5.9,80.58,1.58
occiglot/occiglot-7b-eu5-instruct (few-shot),7242,32,32768,not-merged-model,2088,3.85,3.21,4.48,40.71,0.71,20.66,60.37,0.0
pdelobelle/robbert-v2-dutch-base,116,40,512,not-merged-model,15481,3.87,3.65,4.08,55.54,1.06,5.42,78.59,0.65
danish-foundation-models/encoder-large-v1,354,50,512,not-merged-model,6671,3.89,3.59,4.19,49.68,0.33,9.3,72.46,2.93
RuterNorway/Llama-2-13b-chat-norwegian (few-shot),-1,32,4096,not-merged-model,7778,3.9,3.31,4.48,28.35,3.14,19.8,60.54,-0.33
deepset/gbert-base,109,31,512,not-merged-model,16043,3.91,3.65,4.16,56.89,-0.13,6.69,80.48,0.6
meta-llama/Llama-2-7b-chat-hf (few-shot),6738,32,4096,not-merged-model,2643,3.91,3.34,4.48,41.1,-1.07,16.13,59.77,-0.54
occiglot/occiglot-7b-eu5 (few-shot),7242,32,32768,not-merged-model,2219,3.92,3.36,4.48,40.08,1.59,15.98,58.67,0.0
KBLab/albert-base-swedish-cased-alpha,14,50,512,not-merged-model,15925,3.96,3.75,4.17,42.07,0.27,7.35,73.8,0.81
mistralai/Mistral-7B-Instruct-v0.1 (few-shot),7242,32,32768,not-merged-model,5443,3.98,3.45,4.5,36.04,-0.36,18.06,55.42,1.11
DDSC/roberta-base-scandinavian,124,50,512,not-merged-model,14491,3.99,3.68,4.29,51.53,0.89,5.19,63.86,0.73
meta-llama/Llama-2-7b-hf (few-shot),6738,32,4096,not-merged-model,2648,4.02,3.42,4.61,32.71,0.66,18.04,52.34,0.11
bineric/NorskGPT-Llama-7B-v0.1 (few-shot),6738,32,4096,not-merged-model,5384,4.03,3.45,4.61,34.62,-0.24,18.1,53.38,0.46
sarnikowski/convbert-medium-small-da-cased,24,29,512,not-merged-model,13821,4.09,3.97,4.22,28.16,2.05,5.37,59.66,4.58
tollefj/nordavind-7b-instruct-warm (few-shot),7248,33,2048,not-merged-model,6450,4.1,3.59,4.61,34.76,0.77,12.8,53.24,-0.52
AI-Sweden-Models/gpt-sw3-20b-instruct (few-shot),20918,64,2048,not-merged-model,4572,4.11,3.31,4.9,21.2,1.95,24.95,39.5,-0.04
LumiOpen/Viking-13B (few-shot),14030,131,4224,not-merged-model,3480,4.12,3.45,4.8,20.51,1.12,21.85,43.11,-0.26
ltg/norbert2,125,50,512,not-merged-model,15523,4.12,4.03,4.22,28.74,3.0,3.47,60.57,4.16
danish-foundation-models/encoder-small-v1,22,96,128,not-merged-model,6002,4.13,4.21,4.05,28.99,-0.17,0.42,79.97,0.93
HPLT/gpt-7b-nordic-prerelease (few-shot),7550,131,4096,not-merged-model,5404,4.14,3.25,5.03,27.96,-0.0,23.17,32.16,-0.48
Maltehb/aelaectra-danish-electra-small-uncased,14,32,128,not-merged-model,5995,4.17,4.11,4.22,30.5,3.59,0.06,62.07,5.11
sarnikowski/convbert-small-da-cased,13,29,512,not-merged-model,14273,4.17,4.03,4.3,25.49,1.63,5.28,58.5,5.96
Qwen/Qwen1.5-4B-Chat (few-shot),3950,152,32768,not-merged-model,4347,4.22,3.64,4.8,25.65,-0.35,14.46,43.8,-0.42
TurkuNLP/bert-base-finnish-cased-v1,124,50,512,not-merged-model,16701,4.25,3.93,4.57,34.58,0.55,5.07,51.26,1.77
timpal0l/Mistral-7B-v0.1-flashback-v2-instruct (few-shot),7242,32,32768,not-merged-model,5172,4.27,3.86,4.68,24.98,1.18,8.52,43.52,1.82
Qwen/Qwen1.5-4B (few-shot),3950,152,32768,not-merged-model,3248,4.33,3.77,4.9,15.66,-0.55,14.11,34.2,-0.36
asafaya/bert-base-arabic,110,32,512,not-merged-model,16347,4.39,4.09,4.69,22.51,0.23,5.05,50.44,-0.06
google/gemma-2b (few-shot),2506,256,8192,not-merged-model,6087,4.42,3.76,5.09,8.83,0.31,16.08,20.15,1.28
google/gemma-2b-it (few-shot),2506,256,8192,not-merged-model,6471,4.44,3.87,5.0,20.49,-0.01,10.95,37.6,-1.62
Maltehb/danish-bert-botxo,110,32,512,not-merged-model,16091,4.45,4.22,4.68,12.64,0.06,4.77,43.59,3.13
fresh-xlm-roberta-base,277,250,512,not-merged-model,1319,4.48,4.35,4.62,17.34,-0.06,1.02,48.7,2.37
alexanderfalk/danbert-small-cased,83,52,512,not-merged-model,30013,4.5,4.33,4.68,12.39,1.63,1.7,45.16,2.24
allenai/OLMo-7B-Twin-2T (few-shot),6888,50,2176,not-merged-model,5484,4.58,4.08,5.09,9.04,-0.08,8.86,19.57,0.7
Qwen/Qwen1.5-1.8B-Chat (few-shot),1837,152,32768,not-merged-model,8304,4.6,4.06,5.14,14.15,0.78,7.8,26.11,0.15
Qwen/Qwen1.5-1.8B (few-shot),1837,152,32768,not-merged-model,5666,4.61,4.13,5.09,12.26,0.94,6.31,18.65,1.14
allenai/OLMo-1B (few-shot),1177,50,2176,not-merged-model,8536,4.63,4.36,4.91,13.6,-1.04,1.51,31.84,1.01
allenai/OLMo-7B (few-shot),6888,50,2176,not-merged-model,5403,4.64,4.27,5.02,8.84,-0.38,5.08,25.08,1.69
Qwen/Qwen1.5-0.5B (few-shot),620,152,32768,not-merged-model,11371,4.69,4.24,5.13,16.2,-0.57,3.31,29.34,-1.47
01-ai/Yi-6B (few-shot),6061,64,4096,not-merged-model,2786,4.71,3.83,5.6,0.0,2.12,16.91,0.0,-0.28
Qwen/Qwen1.5-0.5B-Chat (few-shot),620,152,32768,not-merged-model,11740,4.75,4.3,5.21,9.5,1.76,3.14,22.3,-0.54
RuterNorway/Llama-2-7b-chat-norwegian (few-shot),-1,32,4096,not-merged-model,10890,4.81,4.41,5.21,9.48,0.07,1.04,18.86,-0.43
fresh-electra-small,13,31,512,not-merged-model,7219,4.92,4.46,5.39,9.96,-0.1,0.12,12.1,0.64
ltg/norbert,112,33,512,not-merged-model,16280,5.06,4.53,5.6,0.0,-0.03,1.68,0.0,-1.21
NorGLM/NorGPT-369M (few-shot),-1,64,1024,not-merged-model,19896,5.08,4.59,5.57,1.68,-1.38,0.08,1.84,0.0
RJuro/kanelsnegl-v0.1 (few-shot),7242,32,512,not-merged-model,9757,5.1,4.6,5.6,0.0,0.0,0.0,0.0,0.0
Sigurdur/icebreaker (few-shot),110,32,1024,not-merged-model,48619,5.1,4.6,5.6,0.0,0.0,0.0,0.0,0.0
Sigurdur/icechat (few-shot),110,32,1024,not-merged-model,49558,5.1,4.6,5.6,0.0,0.0,0.0,0.0,0.0
Sigurdur/jonas-hallgrimsson-gpt2 (few-shot),125,51,512,not-merged-model,32644,5.1,4.6,5.6,0.0,0.0,0.0,0.0,0.0
Sigurdur/qa-icebreaker (few-shot),110,32,1024,not-merged-model,44889,5.1,4.6,5.6,0.0,0.0,0.0,0.0,0.0
ai-forever/mGPT (few-shot),-1,100,1024,not-merged-model,13551,5.1,4.6,5.6,0.0,0.0,0.0,0.0,-0.24
